{
  "hc_matrix": [
    [
      0.0,
      0.8431267916179868,
      0.7025577428674722,
      0.682699788125176,
      0.19504396008312533,
      0.17505700021609916,
      0.7090740183871042,
      0.6301025435054837,
      0.29781936893309985,
      0.22988271257936455,
      0.7548910886006471,
      0.685000371933493,
      0.6481601291273232,
      0.5440315005571216,
      0.3621231176500457,
      0.32610776574494166,
      0.6734927859079917,
      0.6275439115663001,
      0.8254011278863634,
      0.8113716016642217,
      0.2046581351567233,
      0.199240730233607,
      0.5577923041735682,
      0.5008632325081354,
      0.16253842946648536,
      0.1543524917954355,
      0.11219415119673425,
      0.1184138833451646,
      0.5513933840634826,
      0.5506648225089497,
      0.36538362955225107,
      0.3575547559940304,
      0.6618063580765776,
      0.6207875364715882,
      0.48709582572334803,
      0.489316236593168,
      0.5194077871646049,
      0.4652210453119707,
      0.4874252812454845,
      0.4912326029598801,
      0.3074993212374066,
      0.24069047971906143,
      0.6116569838006146,
      0.5879233179441989,
      0.644964232425063,
      0.6051447795780719,
      0.5711849775863374,
      0.5493976292899468,
      0.5782836158004881,
      0.5209284342469838,
      0.5745489323928407,
      0.4446436079179135,
      0.39545728799685953,
      0.320977520199672,
      0.5002018907835871,
      0.4803126816803976,
      0.8635770036892871,
      0.7536953784666173,
      0.6310210474088643,
      0.535803460460819,
      0.6599779145790615,
      0.48922854435103197,
      0.63941974664393,
      0.5511147109264548,
      0.48984783558732387,
      0.43975424250087713,
      0.6890757733330748,
      0.6651216189170174,
      0.7833299028975192,
      0.7212634557191251,
      0.45630466313622803,
      0.4342686987122675,
      0.44304084284734674,
      0.45402304355016454,
      0.38105722181416385,
      0.3868231352712017,
      0.4649538574546254,
      0.4652137907759026,
      0.5449389998851583,
      0.5645516196864406,
      0.6396854482755261,
      0.5357971691504668,
      0.2971439023231757,
      0.2654335767450749,
      0.5297500226698043,
      0.4037142936118963,
      0.12471780331992545,
      0.12093736802167991,
      0.3888232923946875,
      0.28428551428944493,
      0.2220137489327694,
      0.20087036070008138,
      0.2059173661227026,
      0.19366857403922674,
      0.45158613271373527,
      0.4736878079545968,
      0.5511758036260165,
      0.5302538304522615,
      0.3893198171477836,
      0.36175892209916766,
      0.22880622626784697,
      0.18330013515132473,
      0.21786610923882377,
      0.22619217551880452,
      0.23405000128628062,
      0.22819818562337843,
      0.2468534177038234,
      0.23596573281561894,
      0.28817271398238686,
      0.48411212257533515,
      0.5396622896726072,
      0.349419834510057,
      0.25686648055757255,
      0.23032914571926738,
      0.2138019463050727,
      0.29616425422864634
    ],
    [
      0.8431267916179868,
      0.0,
      0.6398138427704114,
      0.710552745372765,
      0.19159974914822261,
      0.1556087713403373,
      0.6208377863533974,
      0.6750030155703871,
      0.28020118567229974,
      0.21596594442258327,
      0.6555623332440415,
      0.725412509460909,
      0.5543574087397473,
      0.591351914595659,
      0.3303988341641032,
      0.33911978444123836,
      0.6356857171666567,
      0.6836813484408418,
      0.7901670908515616,
      0.8216164030003471,
      0.19052059443438055,
      0.1990627512780366,
      0.5152291879541706,
      0.5129830487116878,
      0.13624965045234094,
      0.15293139356060237,
      0.10392941136265264,
      0.10226542242260704,
      0.5174774199415625,
      0.5501215669917703,
      0.3372593326814375,
      0.3566118862279296,
      0.6299473306426926,
      0.614361827863139,
      0.4683162600076633,
      0.4733468010928478,
      0.4992775447608798,
      0.45765786402296044,
      0.47771595312464865,
      0.4659647058219902,
      0.30049755889450164,
      0.23808081512922216,
      0.5921508655827172,
      0.5986072419171473,
      0.630766143221986,
      0.6343333156789812,
      0.5471650694528529,
      0.5478587257725452,
      0.5659716816536378,
      0.5706065774285917,
      0.5206687320728379,
      0.4973380276357571,
      0.3286307008678115,
      0.36174496035165715,
      0.4646594718464789,
      0.49172004419200893,
      0.7840755491300467,
      0.8583096942276723,
      0.6020816339722705,
      0.5626300353955582,
      0.5822505815995345,
      0.5292661021571141,
      0.5455941137022968,
      0.6427421235426465,
      0.4221595195446182,
      0.4860156414927344,
      0.6663081256863552,
      0.6665122133751464,
      0.7854853675141306,
      0.7439306946490722,
      0.4074767042340808,
      0.412067692256975,
      0.4082873440598786,
      0.42971391988816504,
      0.35079090888476167,
      0.37344492383379957,
      0.4352730552269891,
      0.440735989806273,
      0.515836175009277,
      0.5828423245685878,
      0.5642649059375755,
      0.6280825002738901,
      0.24217364275304235,
      0.3149359804909142,
      0.4222888015811013,
      0.5020294983591633,
      0.12090097519397755,
      0.1606159782809512,
      0.3219720784441674,
      0.3293123008668386,
      0.1644776802641704,
      0.20196393708676597,
      0.17418376403608873,
      0.19224478054458247,
      0.44226722900947824,
      0.46469745065683465,
      0.5354247703456392,
      0.5003540672614328,
      0.34426490700088874,
      0.33509162408656984,
      0.17812985331476222,
      0.19064306115416965,
      0.17780933167452512,
      0.22035762475804116,
      0.2071918266814275,
      0.2162821102012125,
      0.22284110952842234,
      0.22856904469639833,
      0.2721746456496927,
      0.4718359746006589,
      0.5178606933344074,
      0.33919700753584836,
      0.23203656166956815,
      0.21108759744610728,
      0.19371220678784595,
      0.28026162166285595
    ],
    [
      0.7025577428674722,
      0.6398138427704114,
      0.0,
      0.8196197039819305,
      0.33015539536072214,
      0.28030728961749585,
      0.8256459392738698,
      0.7318231625868372,
      0.4056168967552213,
      0.32865743267023273,
      0.6312495404553718,
      0.5926425526519331,
      0.6740135666466385,
      0.5719878361257044,
      0.48258384751297856,
      0.44587251535175737,
      0.5755465537882914,
      0.5349074061667461,
      0.768897170030563,
      0.7158088865649116,
      0.29308610022137366,
      0.29282566084711575,
      0.8041356079587396,
      0.7284990062635818,
      0.3253433318544614,
      0.32463745944655065,
      0.23632942732160642,
      0.21124196738368922,
      0.5956319430959925,
      0.5700073486462944,
      0.5975743491074089,
      0.5734381720136902,
      0.6866830227032071,
      0.6600179612893725,
      0.5320068169323553,
      0.49839286546483547,
      0.5285383234229496,
      0.4961819082619134,
      0.5146594000264252,
      0.5166062484215379,
      0.32732886367895747,
      0.28582442450314344,
      0.6023627795037251,
      0.5779571253165369,
      0.5953367330661491,
      0.549908619760224,
      0.5739855121438889,
      0.5663678384564341,
      0.4887682116034091,
      0.4514912347697782,
      0.5027389404667372,
      0.37897586657262977,
      0.3312270030661385,
      0.3168654680085942,
      0.5456142361187604,
      0.5375817506592582,
      0.6319521985668959,
      0.5722470895384864,
      0.5233629757218121,
      0.43808827532779276,
      0.5929942660504379,
      0.4323726928017561,
      0.5521763879429996,
      0.4729929198491444,
      0.48066547761763084,
      0.4392587914823241,
      0.6545385843553516,
      0.6233110268318383,
      0.6242412405782126,
      0.5904025575004246,
      0.5961404404447744,
      0.5590961358195732,
      0.5144451219386635,
      0.4962590614887782,
      0.43854427375207594,
      0.42649305153893663,
      0.5265693548613564,
      0.4966688656484417,
      0.5226123805555416,
      0.5413662512190708,
      0.6166651281278276,
      0.5553083139070906,
      0.3938976676213277,
      0.37708862959023615,
      0.5505039405199561,
      0.4695926610834205,
      0.1844487630738135,
      0.2146061354192781,
      0.467821357840413,
      0.3777847593121,
      0.32553471844544135,
      0.33432872864400837,
      0.28238364268609933,
      0.33330397896622477,
      0.47705336857964165,
      0.49026598385690057,
      0.6005641782513589,
      0.5668178186023133,
      0.4785064054269115,
      0.4778673555762594,
      0.2947989778678239,
      0.2791372669488043,
      0.31192352065339524,
      0.335324455928876,
      0.3384783892443942,
      0.35442195228763007,
      0.3258206940945085,
      0.3002569793273692,
      0.34849946117141695,
      0.5244606923784805,
      0.5870685774939848,
      0.438383883713422,
      0.36453915105248863,
      0.3412519899344268,
      0.3333878986990858,
      0.3852075311894332
    ],
    [
      0.682699788125176,
      0.710552745372765,
      0.8196197039819305,
      0.0,
      0.3083015545034042,
      0.27647542334863784,
      0.7440373015009609,
      0.8430119541836394,
      0.38711436304579266,
      0.33344772833894876,
      0.5982534185237522,
      0.6601940421019472,
      0.5969063967163392,
      0.6374836563789611,
      0.44031262179413605,
      0.46555570317445183,
      0.5648902760693777,
      0.5880171573367534,
      0.7819104628217025,
      0.7762277368278283,
      0.27133739533278406,
      0.2787330998082076,
      0.7330198157205027,
      0.7694697201586332,
      0.2772373250473932,
      0.3120483501044535,
      0.2027435046992065,
      0.18583065734294985,
      0.5707543037787977,
      0.6004210717903246,
      0.5506810528354875,
      0.5775356583358394,
      0.6869589418716826,
      0.6924138336604418,
      0.5358870835801528,
      0.532373693029171,
      0.5335820612178541,
      0.48450483263856997,
      0.5220739984218696,
      0.4925617521670748,
      0.3090140559843309,
      0.2687563187033185,
      0.6170884806707534,
      0.5999496645700135,
      0.6030466830824911,
      0.5846531711840995,
      0.5818080505820141,
      0.5839301351240049,
      0.5017343067991197,
      0.4928188082916698,
      0.494810938375149,
      0.4204489069299755,
      0.3300505169893148,
      0.34180019210375895,
      0.551521610598317,
      0.539554055061919,
      0.6184906495817205,
      0.644459362405912,
      0.5290302549161873,
      0.4860775679174826,
      0.5700199428600071,
      0.5181234815496054,
      0.5108783958460278,
      0.5767755504962221,
      0.4352677163898407,
      0.5034273736477496,
      0.6766850891239243,
      0.6794478314722087,
      0.6452203365202785,
      0.622648540592483,
      0.5526274384297128,
      0.5553859000880584,
      0.49117004819640453,
      0.48931744642333835,
      0.41554327672572916,
      0.4186233965932924,
      0.5159768376048925,
      0.5027332694127483,
      0.5198771062360673,
      0.5573704318521189,
      0.5739378439336739,
      0.6289481094902903,
      0.3313244415164952,
      0.4039891208422914,
      0.4836432184539314,
      0.5391805585108813,
      0.14546352579637417,
      0.2196920553452236,
      0.45326225653659025,
      0.40191935206711144,
      0.32965269613425746,
      0.32541206901211833,
      0.3058383787726589,
      0.3141845677352401,
      0.4813998792184082,
      0.4957363807923828,
      0.6103303224957249,
      0.559320008231538,
      0.48974027909041684,
      0.4684916882945725,
      0.30649114575308956,
      0.2694360891374858,
      0.3105510282465367,
      0.3268384710523193,
      0.345020096588471,
      0.3526837684222287,
      0.33991181739888937,
      0.3013746614561927,
      0.3491535217765084,
      0.5345605961233493,
      0.5895545137217684,
      0.45700686666496126,
      0.3603194450448505,
      0.3407205593790395,
      0.3382887808139739,
      0.3912196282762197
    ],
    [
      0.19504396008312533,
      0.19159974914822261,
      0.33015539536072214,
      0.3083015545034042,
      0.0,
      0.5412056960668284,
      0.29127283122974684,
      0.29999167083474115,
      0.5450365470353791,
      0.4391825537918745,
      0.25370114746023464,
      0.2635195282314195,
      0.3042807342632747,
      0.34102625589296975,
      0.5244996757131618,
      0.4818535261441241,
      0.2715990208042954,
      0.26222423040317727,
      0.22617307271652554,
      0.2154008686090355,
      0.3426008100735866,
      0.37095993463703775,
      0.3652735802942162,
      0.35964717656602396,
      0.4697758213053953,
      0.4700456695885465,
      0.500741179574626,
      0.4294582102975085,
      0.37890433398316814,
      0.34477755102222746,
      0.4265768336749812,
      0.38684952855331955,
      0.2945684091795174,
      0.2949295757775033,
      0.239060101271388,
      0.21934384075678204,
      0.28690752522419044,
      0.29042769118190936,
      0.32445134536736703,
      0.3426882603949723,
      0.2642505561604777,
      0.28400379843953477,
      0.26892514759174735,
      0.2525054721223747,
      0.2185318904169391,
      0.20764675653513132,
      0.2918688234419307,
      0.3008454917585094,
      0.16584055274985884,
      0.16275381455888926,
      0.15315290107202228,
      0.13218080435070423,
      0.20559469856213575,
      0.19739809463725044,
      0.3478067859668946,
      0.36435123884140286,
      0.17297838836177992,
      0.18391699932699748,
      0.16813050537289503,
      0.1709263648844326,
      0.1615382503578419,
      0.15023423167139818,
      0.1663263048914241,
      0.1650227788363233,
      0.12066905170881762,
      0.13419918419309346,
      0.2255106503691581,
      0.23349336448048963,
      0.17303168025261892,
      0.19208611675604467,
      0.3698522460357809,
      0.3658987347163909,
      0.3190241374889141,
      0.2886692213670754,
      0.3174213653956998,
      0.27336866854063985,
      0.27298038841564987,
      0.2623535327250138,
      0.254553360971267,
      0.28384156741236866,
      0.310513311729268,
      0.31869499452726197,
      0.4477792332029493,
      0.4477389066971388,
      0.34399889823181623,
      0.3595782981872522,
      0.29769801438515237,
      0.37597281313148284,
      0.370283319127186,
      0.3726049628661539,
      0.2930169538455433,
      0.284595314516541,
      0.2289815299008753,
      0.2996938015635841,
      0.2962858569525886,
      0.27098262389537703,
      0.308578575465451,
      0.30196751628516905,
      0.3243405206349545,
      0.3400041252806899,
      0.33020045373488077,
      0.28071880771881336,
      0.3546877745668472,
      0.3653365360519321,
      0.3160545438375532,
      0.33682928379043514,
      0.24508893984037797,
      0.2246611521481476,
      0.18890154217243132,
      0.25858695065778203,
      0.29320392704953074,
      0.2829745204795401,
      0.28044811202930603,
      0.2861173670390203,
      0.23788774480795447,
      0.22878912293787038
    ],
    [
      0.17505700021609916,
      0.1556087713403373,
      0.28030728961749585,
      0.27647542334863784,
      0.5412056960668284,
      0.0,
      0.2561073109491361,
      0.2621679311302004,
      0.44862895074086745,
      0.5895081270637783,
      0.23545950554296805,
      0.21434841183245884,
      0.2828328316348696,
      0.2796248337980101,
      0.45386533550119323,
      0.4901178833556164,
      0.24091261495137273,
      0.21423011297305974,
      0.19924255045734537,
      0.18898252371544746,
      0.31588800164530156,
      0.3639124284124387,
      0.33211792758083164,
      0.31160670023422615,
      0.41874908803770283,
      0.4882238984305006,
      0.4034201264725014,
      0.47985462637726894,
      0.33138127910932597,
      0.3250450380626852,
      0.3883453442853022,
      0.3628259976901531,
      0.27276425111172636,
      0.28443622623244547,
      0.23868877894649898,
      0.2273573088511772,
      0.26306177401962383,
      0.28721342963804025,
      0.318611640401201,
      0.3420659618698079,
      0.2449023763210136,
      0.26998917003581147,
      0.2567732467926076,
      0.21978324511555258,
      0.20344616761236836,
      0.16287322197679655,
      0.2711269550290816,
      0.2759133710245482,
      0.158409213280911,
      0.14008967640964912,
      0.15453093372628415,
      0.11061622475642777,
      0.20668673041741015,
      0.1708943174969616,
      0.32152406215970253,
      0.33269531639325006,
      0.16264148305459045,
      0.13864508974602063,
      0.1661839301958736,
      0.16182406264307633,
      0.16491981142054862,
      0.12980754857670967,
      0.17277883998373889,
      0.1276547159069907,
      0.11587758550800423,
      0.11329919668183101,
      0.22640186992305472,
      0.22079173533118485,
      0.1578119998813695,
      0.1617104163569708,
      0.3498486467215472,
      0.3569948006528562,
      0.2869522367118713,
      0.2967614352153447,
      0.3031237531083257,
      0.2816447607542242,
      0.276275174379252,
      0.27457115443215324,
      0.23425965171707042,
      0.23688641545925102,
      0.27857497520654434,
      0.2507952678280911,
      0.4133472079671073,
      0.4046417022788417,
      0.31530145131084775,
      0.30959439260319943,
      0.31322449153256454,
      0.3586298489658272,
      0.3718051498618468,
      0.35361436542909,
      0.30992725761219403,
      0.24324747164616334,
      0.26132058408393277,
      0.27316775218161443,
      0.2701831053597997,
      0.26227323206317343,
      0.29359451541859666,
      0.27293276590724674,
      0.3173031990298749,
      0.29465278244891646,
      0.3441767367572654,
      0.25305505716518734,
      0.3550993707969344,
      0.33855254853133826,
      0.3161362999814637,
      0.3098145402911701,
      0.2543821932498434,
      0.2207215357239531,
      0.1889311747733698,
      0.24977771647730013,
      0.285079280444924,
      0.2681404062220582,
      0.2774616280896836,
      0.26471480794339236,
      0.2320726313469015,
      0.23563056412072267
    ],
    [
      0.7090740183871042,
      0.6208377863533974,
      0.8256459392738698,
      0.7440373015009609,
      0.29127283122974684,
      0.2561073109491361,
      0.0,
      0.7816497302037135,
      0.42622806408504305,
      0.32317477932672817,
      0.693608256672785,
      0.6371310480139026,
      0.7698672847894301,
      0.6190241552263994,
      0.5036011914413602,
      0.4680175319190745,
      0.6146800187683759,
      0.5619215327765696,
      0.7410347976364426,
      0.6928966818225796,
      0.273177080320594,
      0.2765265379465419,
      0.751794556168948,
      0.6924902710907158,
      0.27641285653057374,
      0.2806875297013705,
      0.1878140078484772,
      0.1729433472164809,
      0.618962937623262,
      0.5930376114077466,
      0.5483810017672912,
      0.5376273984481711,
      0.6812595132587038,
      0.6525665149975763,
      0.5400159748446314,
      0.5167593126788234,
      0.5391474887559521,
      0.4870511833956084,
      0.5063613668958153,
      0.5028930157843673,
      0.3258734585166116,
      0.28527447854627525,
      0.6022975884134598,
      0.5761018294045515,
      0.5892445020029692,
      0.5371914312746044,
      0.5859438570682585,
      0.5740711245439333,
      0.47831700812169886,
      0.4291067672175243,
      0.5141401849486137,
      0.35804816194741845,
      0.3749124190179969,
      0.30399331705154164,
      0.5512995403367366,
      0.5301060354788616,
      0.6472225060037714,
      0.5539507293734646,
      0.5218834592155882,
      0.42575459897195844,
      0.6515268399541141,
      0.4387149290661593,
      0.6296442956057631,
      0.49439598141667024,
      0.5068109594607924,
      0.4326083053640265,
      0.6530503368366872,
      0.6155410549970757,
      0.5966571376243243,
      0.5544499215181353,
      0.592726943938535,
      0.562442042128309,
      0.5314324670338745,
      0.5279611860265394,
      0.45566906490125253,
      0.4366927003502628,
      0.5363940682731506,
      0.5104783690878003,
      0.5352822343591768,
      0.547947539876826,
      0.6745411989164204,
      0.5619270466076789,
      0.3970875218730147,
      0.37214213884467356,
      0.6059646225681001,
      0.4632845750650999,
      0.16463481382418127,
      0.1884401519908389,
      0.4908821232531957,
      0.3645546838676233,
      0.35743786812666134,
      0.3465053388172061,
      0.30160883858182463,
      0.3322317062523212,
      0.4673497782843531,
      0.488286902671385,
      0.5958694553303607,
      0.5786189998250103,
      0.4940720378505907,
      0.49889503212192876,
      0.33770257318704555,
      0.2867298596627974,
      0.3469528966760237,
      0.34757564877825886,
      0.34796994721280566,
      0.36927455257134406,
      0.3351408560865418,
      0.3185274436931836,
      0.33156857731106404,
      0.49384640400645474,
      0.5778270508348253,
      0.4418614591031101,
      0.35887132479503697,
      0.33775616624090876,
      0.35224554616036974,
      0.371868871125847
    ],
    [
      0.6301025435054837,
      0.6750030155703871,
      0.7318231625868372,
      0.8430119541836394,
      0.29999167083474115,
      0.2621679311302004,
      0.7816497302037135,
      0.0,
      0.39812547234993634,
      0.353950439102088,
      0.6209592650441722,
      0.7336313594397871,
      0.6544660412765494,
      0.7496328319047167,
      0.4594852371655533,
      0.49321857210100556,
      0.5696975117574229,
      0.6247328211688231,
      0.7234194559419992,
      0.7048523410935418,
      0.26894002189528765,
      0.2868005713649333,
      0.6941255126276301,
      0.7240162212058344,
      0.2503632678771572,
      0.3000901261592869,
      0.17606142442419698,
      0.1798103240943857,
      0.6022060545048566,
      0.6270879696778225,
      0.5299187323918447,
      0.5761200691928478,
      0.6551348602874242,
      0.674512589663949,
      0.5031429685052371,
      0.5194863546282358,
      0.5220668002880018,
      0.47741109950900834,
      0.5034623385950123,
      0.4718771265720157,
      0.3111730681966957,
      0.2871562753582174,
      0.6096055167847583,
      0.5956108629403106,
      0.5826002227987829,
      0.5677356574990697,
      0.5874519890571015,
      0.587381840812002,
      0.4748357381540835,
      0.4662097026653115,
      0.47295681847010046,
      0.4041163097911408,
      0.34327835046548194,
      0.35302197243714534,
      0.555264179728208,
      0.5371418373405461,
      0.5795593166292557,
      0.6249688673751855,
      0.49059727746037507,
      0.4698828198174632,
      0.5529310251374436,
      0.5316154360319643,
      0.5270268079884252,
      0.6309376828115035,
      0.39947370208965793,
      0.49719897865176566,
      0.6353772460220043,
      0.6560931228508863,
      0.5757117894780417,
      0.5652888650580623,
      0.5512578067170962,
      0.5834923233585851,
      0.5129054923102226,
      0.5236423889369026,
      0.4412162502114494,
      0.43408813840688804,
      0.5215321836267987,
      0.5237421678436331,
      0.4941099716404665,
      0.5647907513072791,
      0.588716599406039,
      0.6786231983001736,
      0.3480487161045645,
      0.43043204092686194,
      0.49285194921823705,
      0.5815337955568091,
      0.1431740774084826,
      0.22935063166281067,
      0.4570195390539648,
      0.42947573189814364,
      0.3653732729107527,
      0.3521454874023427,
      0.3073124827209143,
      0.3357078303897805,
      0.46770406204412457,
      0.47935312913818734,
      0.6017268044795364,
      0.5460410741225323,
      0.5149675349338833,
      0.49342470101699343,
      0.3353652615779222,
      0.29939168276516936,
      0.3437678831400616,
      0.3591531846213542,
      0.36809531113939997,
      0.37310489428049215,
      0.3578207773997076,
      0.31960446124494696,
      0.32605813315925486,
      0.499200309682549,
      0.5751783154485082,
      0.4572497523234446,
      0.37303704081383354,
      0.3518420997264851,
      0.35996963244528757,
      0.38413853079128607
    ],
    [
      0.29781936893309985,
      0.28020118567229974,
      0.4056168967552213,
      0.38711436304579266,
      0.5450365470353791,
      0.44862895074086745,
      0.42622806408504305,
      0.39812547234993634,
      0.0,
      0.5239389098589243,
      0.3849705741656471,
      0.371593361475399,
      0.4661175890739375,
      0.43778980260756484,
      0.6040403351749916,
      0.5256749313587278,
      0.36780243835124277,
      0.35855207035729064,
      0.3315272803855726,
      0.3167356431041591,
      0.31284873981385153,
      0.32298773493433364,
      0.4521164030783507,
      0.43392624156976173,
      0.3776264269653525,
      0.4071573119013769,
      0.3688692944885703,
      0.3231706844842521,
      0.45165403145970684,
      0.41507516135991995,
      0.43833384389486807,
      0.4123546870010478,
      0.39311668991792376,
      0.3863696058518865,
      0.3496605263930453,
      0.31134688874892374,
      0.36256365987454336,
      0.368984416481842,
      0.38283266215161565,
      0.3911270902122094,
      0.29739764283385384,
      0.28289632605799936,
      0.360259860470332,
      0.3421393363440592,
      0.30340335658006784,
      0.2888733866049367,
      0.38210147267257655,
      0.3886639430511212,
      0.23561998259263772,
      0.22730153426505667,
      0.22555058067752803,
      0.1971492751156455,
      0.24367913644532974,
      0.2189380216267483,
      0.4033092848205988,
      0.40904026877504296,
      0.2579884138885573,
      0.2520333650443173,
      0.22994692800383196,
      0.22372195381483284,
      0.2804936241246884,
      0.22589928462870826,
      0.27823555790486076,
      0.2530111438346913,
      0.2241890371604775,
      0.2083373592811885,
      0.33152498459596175,
      0.3187110634340937,
      0.2687347483602467,
      0.27255242049882794,
      0.4296762380385859,
      0.4159046615380137,
      0.3844264118978932,
      0.3427582083144632,
      0.3589378989645043,
      0.3147850480213586,
      0.35784342338304953,
      0.3251925318817219,
      0.324224603182021,
      0.3585892209047382,
      0.4004140583580083,
      0.4002461835552381,
      0.4628161720760948,
      0.4497723120190591,
      0.4294119170450187,
      0.40219031921495885,
      0.2800380151083382,
      0.3213598266690427,
      0.3973313625229946,
      0.39408812497322426,
      0.3155360017416713,
      0.3027306264180521,
      0.23801532420875432,
      0.31442627110156846,
      0.3104359110327808,
      0.31972554848089413,
      0.3661030703041892,
      0.3673009824646185,
      0.3590190048602159,
      0.38821224642852975,
      0.3200407806776858,
      0.29157378227251135,
      0.350974983171773,
      0.3659629723434232,
      0.3584635630434175,
      0.3774206560235892,
      0.3019488613962655,
      0.28689713138928274,
      0.21618864360971765,
      0.3099089180884425,
      0.3560055418941643,
      0.323603891046839,
      0.2861822732796431,
      0.2807539267214921,
      0.26819639005922746,
      0.24436145940860754
    ],
    [
      0.22988271257936455,
      0.21596594442258327,
      0.32865743267023273,
      0.33344772833894876,
      0.4391825537918745,
      0.5895081270637783,
      0.32317477932672817,
      0.353950439102088,
      0.5239389098589243,
      0.0,
      0.3028241955691498,
      0.2992752814563521,
      0.3750912340437877,
      0.37765146222673757,
      0.48489889655591834,
      0.5718755233105185,
      0.28221651221788396,
      0.2719771591935351,
      0.24614145615594799,
      0.2505287025831477,
      0.2872275018447369,
      0.31084299932301007,
      0.3861979422592955,
      0.3711832717313847,
      0.4011530827747038,
      0.4448442149337539,
      0.3394707299507339,
      0.351043004069205,
      0.3556827612493156,
      0.3704068032993358,
      0.4029107906092748,
      0.4025451435611657,
      0.306384748696808,
      0.31959602514022784,
      0.2715614893346905,
      0.25490891558973355,
      0.29109557759988275,
      0.29915217089574125,
      0.33604793104030295,
      0.33874016996593787,
      0.2519751180188031,
      0.26251379917630624,
      0.2871988511370125,
      0.26443744481761633,
      0.24343135049840814,
      0.21394605273710174,
      0.2995829126903281,
      0.3083504122997703,
      0.1945274057709193,
      0.15862754450073072,
      0.2015003139011826,
      0.14705685944305968,
      0.24217061478695368,
      0.19349731999440212,
      0.34255104666478847,
      0.33656508599084056,
      0.2010875920680782,
      0.1863005111446595,
      0.1965996038282327,
      0.18525230250552946,
      0.234830298977519,
      0.1884104590862913,
      0.2283743482785356,
      0.19152073810111286,
      0.1776402621731905,
      0.17164710880162898,
      0.27172784165293273,
      0.26162029443651036,
      0.20371367814717162,
      0.2023701358016583,
      0.35924836278067684,
      0.37824799566837586,
      0.31878813934237754,
      0.33502366356363483,
      0.312405433758303,
      0.29491273701530196,
      0.29734599193890404,
      0.29437309270171075,
      0.2637298128066024,
      0.2958646490962248,
      0.33299616074389055,
      0.31588568818912516,
      0.42485225572195334,
      0.4100198216311015,
      0.35824057155601235,
      0.35091788327287127,
      0.27201091037608804,
      0.3196737474826397,
      0.37446841131661734,
      0.363227010438458,
      0.32167828759957207,
      0.2626592516830351,
      0.2656523352440909,
      0.27850868436557913,
      0.2715165191242542,
      0.26701953272511253,
      0.3135884188441348,
      0.30101587745532,
      0.34095847765110954,
      0.3302379453116022,
      0.3075829128598031,
      0.24427528538110097,
      0.33090633061814545,
      0.3227553061521613,
      0.329567484141821,
      0.3205172981626722,
      0.2463152899322557,
      0.22964478440551211,
      0.17190113915403063,
      0.25467317343992063,
      0.30405861679883556,
      0.2876364991127941,
      0.28370939384859944,
      0.2832835742881183,
      0.24153521640517814,
      0.2298978588407486
    ],
    [
      0.7548910886006471,
      0.6555623332440415,
      0.6312495404553718,
      0.5982534185237522,
      0.25370114746023464,
      0.23545950554296805,
      0.693608256672785,
      0.6209592650441722,
      0.3849705741656471,
      0.3028241955691498,
      0.0,
      0.7559844817331478,
      0.8138828012631624,
      0.6534497534507844,
      0.48342955283601957,
      0.43909826136966557,
      0.7400465599959287,
      0.6611009351060042,
      0.6956990880529483,
      0.6662548312849546,
      0.2499307159859554,
      0.24111413779163685,
      0.593962253122456,
      0.5200791583095332,
      0.21262344893960716,
      0.2175141172370479,
      0.16169707546482295,
      0.16460603609516697,
      0.6938661318121451,
      0.6543937313611335,
      0.44128438053458524,
      0.4335653060620357,
      0.6131001497087276,
      0.6026544161816642,
      0.4526805402885877,
      0.45101307028068643,
      0.5135838450242006,
      0.46807637070605324,
      0.48342433969196125,
      0.4788348161032268,
      0.33710699844475467,
      0.28305480040302966,
      0.5636255011361495,
      0.5456174912654711,
      0.5353655675009692,
      0.5073461467156031,
      0.5583918304995847,
      0.5405821966255918,
      0.4473289101207256,
      0.3958492091642112,
      0.459625278412835,
      0.3281046244642102,
      0.37733794069544613,
      0.2828891537924029,
      0.5428149763621978,
      0.49742824828352755,
      0.6708466589745486,
      0.5723657681152385,
      0.4758649897273357,
      0.39454820005285374,
      0.5476397973646961,
      0.3704494457483365,
      0.6068600567265088,
      0.48681807938899385,
      0.3888007760195946,
      0.3141361657170871,
      0.5612231474030285,
      0.5596019521591173,
      0.5772602115564683,
      0.5421285056730628,
      0.5114699081025804,
      0.5114521138530662,
      0.5494571651784131,
      0.5516717857830955,
      0.45378806813098466,
      0.45818831966773543,
      0.4871160637176554,
      0.47938306207939707,
      0.5589236296923523,
      0.5796033512210557,
      0.6577453854131506,
      0.5491525172440421,
      0.3874407218318887,
      0.3621521775327433,
      0.5700347520928271,
      0.4331615351295943,
      0.1628942371483576,
      0.18049792523753622,
      0.4569892318219691,
      0.32995743032387803,
      0.327721176770147,
      0.25948858501317945,
      0.2498551465263167,
      0.23187627482680262,
      0.45494255599935696,
      0.4588568950375483,
      0.564609340750116,
      0.52133812007165,
      0.4537461898486977,
      0.4172743723305839,
      0.28847748984166355,
      0.22098396374402962,
      0.2794694153744898,
      0.27547114754187624,
      0.2853353062713269,
      0.2865977022875525,
      0.2836427334583124,
      0.25081121883607044,
      0.2950327721405644,
      0.4693156472265449,
      0.5373489997109427,
      0.38789906042943734,
      0.30464475049670153,
      0.27113864439868607,
      0.27507618655995597,
      0.3318182772928892
    ],
    [
      0.685000371933493,
      0.725412509460909,
      0.5926425526519331,
      0.6601940421019472,
      0.2635195282314195,
      0.21434841183245884,
      0.6371310480139026,
      0.7336313594397871,
      0.371593361475399,
      0.2992752814563521,
      0.7559844817331478,
      0.0,
      0.6759227837800474,
      0.810309192210732,
      0.4473042751502822,
      0.4896826199843396,
      0.6535864654089045,
      0.7302719501518249,
      0.6845233993248133,
      0.688557594909304,
      0.24947367700554643,
      0.26889522824794987,
      0.5742488534088285,
      0.5805492767722017,
      0.19804886279051961,
      0.22409551770040403,
      0.16607020414028204,
      0.15576569084842418,
      0.6462327200098903,
      0.6939841257985984,
      0.444482820087838,
      0.4585805872404735,
      0.6073913904780597,
      0.6263067829401086,
      0.44793744500472327,
      0.46765731622190887,
      0.5009120365769202,
      0.4824657271548405,
      0.47120511947780314,
      0.4795903123604695,
      0.32190554564042756,
      0.3028101616127162,
      0.5585912727090542,
      0.5708751176198439,
      0.5364194263254741,
      0.541074887542979,
      0.5463405784174715,
      0.5643368485753615,
      0.44755391287748836,
      0.44044507681049544,
      0.4238928558287817,
      0.3922854193037774,
      0.3315459981027162,
      0.338463487727464,
      0.5081220570200317,
      0.5326256275743911,
      0.5923998364691497,
      0.6257487582192619,
      0.45183654795741024,
      0.43734702808478587,
      0.4842823492327465,
      0.45171612345261564,
      0.493918226276118,
      0.6032402308923942,
      0.31171524889041213,
      0.3881082504739903,
      0.5583194472483817,
      0.5832760063996248,
      0.574572670449417,
      0.5398102088018586,
      0.4855372405998976,
      0.5275394582945578,
      0.5206442267354486,
      0.5582623280459833,
      0.4429354175824532,
      0.46301904401021965,
      0.48014977972062456,
      0.494586949081652,
      0.5132648631119129,
      0.5968909797562102,
      0.5736831081372964,
      0.6443545415797006,
      0.33938125734308194,
      0.4339398172689057,
      0.450035017900571,
      0.5496545626158492,
      0.13112338793408618,
      0.21364363728726668,
      0.3988967024653294,
      0.40283770688105897,
      0.30552217772736123,
      0.3005829230159957,
      0.25380907472857434,
      0.26416754605707515,
      0.43957833532443974,
      0.4709019942272837,
      0.548325788037022,
      0.5146693911886182,
      0.4298422376128893,
      0.42332143909616915,
      0.2822564003839281,
      0.247290055251522,
      0.2745874366262472,
      0.313336920884355,
      0.309277367174136,
      0.3112074099011723,
      0.2841404985422913,
      0.2722802980512756,
      0.2937994006551908,
      0.46570095676751405,
      0.5365177122140184,
      0.39447994047981866,
      0.3002470918368524,
      0.2778186037005618,
      0.28778672780401665,
      0.32944472966188587
    ],
    [
      0.6481601291273232,
      0.5543574087397473,
      0.6740135666466385,
      0.5969063967163392,
      0.3042807342632747,
      0.2828328316348696,
      0.7698672847894301,
      0.6544660412765494,
      0.4661175890739375,
      0.3750912340437877,
      0.8138828012631624,
      0.6759227837800474,
      0.0,
      0.713544874528444,
      0.5962476678001736,
      0.5376738692877289,
      0.6585684193260197,
      0.5879723575534359,
      0.6538180445508542,
      0.6070718873760474,
      0.31227575628463616,
      0.2989279804875878,
      0.6906715705612549,
      0.5969011420977285,
      0.2860429591373292,
      0.28991871831455085,
      0.22237628370141055,
      0.23166464533537265,
      0.7058774221464297,
      0.6658590720392891,
      0.5262385083530028,
      0.5228106836285455,
      0.6119128987277653,
      0.5947410241781574,
      0.454307069866476,
      0.4410806617725264,
      0.5161928527270873,
      0.47693524742061155,
      0.48899568445976105,
      0.4920678237480624,
      0.3516815195897691,
      0.3048228934885473,
      0.5440490965764322,
      0.5278298358177905,
      0.5196516244018968,
      0.47174456935113995,
      0.5404284771408235,
      0.5355232563764084,
      0.4145056869579237,
      0.35122963302848254,
      0.4307842887252196,
      0.2797013992531616,
      0.3585258982291374,
      0.26840352154082475,
      0.549289837826347,
      0.5093943800676236,
      0.5850591961764646,
      0.487138039341621,
      0.42553352729473115,
      0.33675612560002355,
      0.5256606781926596,
      0.32017603625711677,
      0.5734267387975622,
      0.4171489130132524,
      0.3895065230724832,
      0.28731991099288995,
      0.535473043849761,
      0.5187835537291772,
      0.5146598268983741,
      0.48759549276511843,
      0.5817253877572701,
      0.5682860289601015,
      0.5724902807641795,
      0.5713981354905905,
      0.476187411284616,
      0.458274327614773,
      0.4994358836584094,
      0.4777092748470311,
      0.529383169787365,
      0.548053875102679,
      0.6532582154214345,
      0.5319098514247546,
      0.46626094821118236,
      0.4107596966404685,
      0.6090592482621524,
      0.4376013667964748,
      0.21330765767097284,
      0.22762265162355227,
      0.5063401548564239,
      0.3649773236785442,
      0.3736189855912653,
      0.31607416484396683,
      0.2898536103348412,
      0.301279423600314,
      0.44765563567029953,
      0.4471675941291228,
      0.5645025126637733,
      0.5275052354752345,
      0.4859652792902012,
      0.4646008018266967,
      0.33938622361427284,
      0.26917836831577296,
      0.34312823335066617,
      0.3325978131186254,
      0.3336750556494913,
      0.3363222658973994,
      0.30677822666640125,
      0.28009224411135636,
      0.29307373924404884,
      0.4636136079308276,
      0.5322953498392509,
      0.4109227631919003,
      0.3332376034138331,
      0.3135780052243431,
      0.3252461216019299,
      0.34692971702747033
    ],
    [
      0.5440315005571216,
      0.591351914595659,
      0.5719878361257044,
      0.6374836563789611,
      0.34102625589296975,
      0.2796248337980101,
      0.6190241552263994,
      0.7496328319047167,
      0.43778980260756484,
      0.37765146222673757,
      0.6534497534507844,
      0.810309192210732,
      0.713544874528444,
      0.0,
      0.5358793498377498,
      0.5846929229513916,
